1.000000000000000000e+00 1.136363636363636326e-01 1.136363636363636326e-01 4.400000000000000000e+01
1.428571428571429047e-01 2.857142857142856984e-01 4.761904761904761640e-02 2.100000000000000000e+01
1.944444444444444198e-01 1.250000000000000000e-01 1.250000000000000000e-01 4.800000000000000000e+01
2.307692307692307265e-01 1.666666666666666574e-01 1.111111111111111049e-01 1.800000000000000000e+01
1.351351351351350871e-01 2.325581395348837177e-02 1.162790697674418589e-01 4.300000000000000000e+01
1.000000000000000000e+00 1.666666666666666574e-01 1.388888888888888951e-01 3.600000000000000000e+01
1.363636363636363535e-01 3.921568627450980338e-02 9.803921568627450844e-02 5.100000000000000000e+01
1.904761904761904656e-01 1.612903225806451568e-01 1.612903225806451568e-01 3.100000000000000000e+01
1.666666666666666297e-01 1.052631578947368363e-01 1.578947368421052544e-01 5.700000000000000000e+01
1.111111111111111605e-01 6.250000000000000000e-02 9.375000000000000000e-02 3.200000000000000000e+01
3.636363636363636465e-01 4.444444444444444198e-01 1.481481481481481399e-01 2.700000000000000000e+01
